0 130962 134034 122238 117565 111803 121426 120574 140719 145791 124444 139596 135255 128423 124360 127841 147013 150804 133435 121686 127775 116428 118863 122290 126816 108749 129665 123753 128872 133838
130962 0 122201 111528 107868 101854 112320 110002 127085 131958 112317 125975 122161 116638 114474 116967 132926 143212 121326 109534 115518 105798 108357 111106 114915 98768 117152 112237 117479 121853
134034 122201 0 114769 110086 104444 114382 112943 128898 135111 114817 128790 124512 118936 116693 119462 135304 144570 124481 112175 119032 108701 111444 114126 119055 101795 119689 114480 120405 124933
122238 111528 114769 0 100757 95613 104958 103507 118398 123355 105215 117890 114295 109033 106644 108800 124075 133032 113798 102779 108804 99437 102163 104468 109209 93206 109934 104773 109930 114062
117565 107868 110086 100757 0 92118 101991 99491 113348 118376 100270 112762 109014 104438 103711 105478 118901 130629 109350 97792 103683 95421 97811 100279 103455 89321 104575 100595 106133 110027
111803 101854 104444 95613 92118 0 95802 94130 108962 112829 96325 107999 104564 99669 97700 99657 113754 125237 103700 94358 99259 90404 92708 94930 98820 84621 100528 95896 100220 104074
121426 112320 114382 104958 101991 95802 0 103687 115796 122233 103212 115500 111464 107925 107942 109679 122090 134633 113793 100379 107100 99648 102044 104722 107539 92718 107407 103855 110735 114878
120574 110002 112943 103507 99491 94130 103687 0 117136 121743 103822 116495 112660 107600 105278 107467 122529 131724 112008 101664 107195 97746 100364 102683 106844 91608 108327 103454 108211 112304
140719 127085 128898 118398 113348 108962 115796 117136 0 141175 122452 136770 133465 125152 120181 124371 143754 147731 129454 119673 125199 112981 115316 119649 123873 106298 127700 120821 125013 129254
145791 131958 135111 123355 118376 112829 122233 121743 141175 0 125656 140815 135994 128930 125399 128898 148015 151107 134793 122777 129218 117569 119919 123583 128148 109934 130686 124750 129844 134922
124444 112317 114817 105215 100270 96325 103212 103822 122452 125656 0 121108 118078 111351 106586 110096 127341 130988 115041 106138 111130 100590 102441 105883 110157 94136 113373 107314 110474 114907
139596 125975 128790 117890 112762 107999 115500 116495 136770 140815 121108 0 131702 124045 118475 122424 142628 145807 128966 118468 123969 112472 114648 118450 123321 105400 126568 119789 124014 128758
135255 122161 124512 114295 109014 104564 111464 112660 133465 135994 118078 131702 0 121134 115537 119268 138371 143466 124625 115307 120485 109191 111359 115151 119436 102160 123333 116900 120104 124397
128423 116638 118936 109033 104438 99669 107925 107600 125152 128930 111351 124045 121134 0 110997 114468 130500 138431 118746 109047 114419 103891 106273 109358 113860 97144 116074 110368 114884 119034
124360 114474 116693 106644 103711 97700 107942 105278 120181 125399 106586 118475 115537 110997 0 111935 126068 138658 116346 103235 109061 101433 103617 106610 109286 94162 111380 106989 112730 116671
127841 116967 119462 108800 105478 99657 109679 107467 124371 128898 110096 122424 119268 114468 111935 0 130242 140839 118900 106824 112128 103686 105863 108930 112016 96192 115074 109850 115078 119260
147013 132926 135304 124075 118901 113754 122090 122529 143754 148015 127341 142628 138371 130500 126068 130242 0 155033 135678 124756 130618 118281 120710 124785 129317 110960 132914 126059 130789 135610
150804 143212 144570 133032 130629 125237 134633 131724 147731 151107 130988 145807 143466 138431 138658 140839 155033 0 143521 128379 135924 126351 129152 136149 135979 120751 137834 133011 143355 142878
133435 121326 124481 113798 109350 103700 113793 112008 129454 134793 115041 128966 124625 118746 116346 118900 135678 143521 0 112562 118331 107895 110514 113291 117899 100902 119820 114161 119494 124069
121686 109534 112175 102779 97792 94358 100379 101664 119673 122777 106138 118468 115307 109047 103235 106824 124756 128379 112562 0 108473 98237 100020 103614 107797 92146 110740 104753 107844 112085
127775 115518 119032 108804 103683 99259 107100 107195 125199 129218 111130 123969 120485 114419 109061 112128 130618 135924 118331 108473 0 103457 105761 108638 113372 96761 115637 109833 113826 118188
116428 105798 108701 99437 95421 90404 99648 97746 112981 117569 100590 112472 109191 103891 101433 103686 118281 126351 107895 98237 103457 0 96576 98778 103266 87946 104843 99715 104216 108187
118863 108357 111444 102163 97811 92708 102044 100364 115316 119919 102441 114648 111359 106273 103617 105863 120710 129152 110514 100020 105761 96576 0 101395 106156 90345 107047 101904 106782 110861
122290 111106 114126 104468 100279 94930 104722 102683 119649 123583 105883 118450 115151 109358 106610 108930 124785 136149 113291 103614 108638 98778 101395 0 108464 92378 110561 104955 109420 113598
126816 114915 119055 109209 103455 98820 107539 106844 123873 128148 110157 123321 119436 113860 109286 112016 129317 135979 117899 107797 113372 103266 106156 108464 0 96589 115150 109431 113205 117549
108749 98768 101795 93206 89321 84621 92718 91608 106298 109934 94136 105400 102160 97144 94162 96192 110960 120751 100902 92146 96761 87946 90345 92378 96589 0 98285 93457 97182 100863
129665 117152 119689 109934 104575 100528 107407 108327 127700 130686 113373 126568 123333 116074 111380 115074 132914 137834 119820 110740 115637 104843 107047 110561 115150 98285 0 111899 115247 119614
123753 112237 114480 104773 100595 95896 103855 103454 120821 124750 107314 119789 116900 110368 106989 109850 126059 133011 114161 104753 109833 99715 101904 104955 109431 93457 111899 0 110405 114388
128872 117479 120405 109930 106133 100220 110735 108211 125013 129844 110474 124014 120104 114884 112730 115078 130789 143355 119494 107844 113826 104216 106782 109420 113205 97182 115247 110405 0 120019
133838 121853 124933 114062 110027 104074 114878 112304 129254 134922 114907 128758 124397 119034 116671 119260 135610 142878 124069 112085 118188 108187 110861 113598 117549 100863 119614 114388 120019 0
